[{"id": 0, "img_name": "r_0", "width": 800, "height": 800, "position": [-3.9642629623413086, 0.18489810824394223, 0.7074110507965088], "rotation": [[-0.046590585261583335, -0.1752965152263641, 0.9834126234054567], [-0.9989140629768373, 0.008176046423614025, -0.045867577195167535], [-9.313225767247434e-10, -0.9844816923141478, -0.17548708617687223]], "fy": 1111.1110311937682, "fx": 1111.1110311937682}, {"id": 1, "img_name": "r_1", "width": 800, "height": 800, "position": [2.782405853271485, 1.1563053131103513, 2.6779053211212163], "rotation": [[-0.3837582468986511, 0.6134429574012756, -0.6902299523353576], [0.9234336018562318, 0.254933089017868, -0.2868440449237823], [-1.490116121759916e-08, -0.7474602460861206, -0.6643065214157106]], "fy": 1111.1110311937682, "fx": 1111.1110311937682}, {"id": 2, "img_name": "r_2", "width": 800, "height": 800, "position": [1.7731329202651978, -2.490633726119995, 2.627307415008544], "rotation": [[0.8146438002586365, 0.3779926598072053, -0.43986013531684875], [0.5799614787101746, -0.5309479236602784, 0.6178501844406128], [1.490116025201423e-08, -0.7584297060966492, -0.6517547369003297]], "fy": 1111.1110311937682, "fx": 1111.1110311937682}, {"id": 3, "img_name": "r_3", "width": 800, "height": 800, "position": [1.6030952930450435, -1.7540503740310667, 3.2562849521636963], "rotation": [[0.7381561994552615, 0.5449558496475219, -0.3976789712905883], [0.6746298670768737, -0.5962714552879333, 0.43512630462646495], [-1.3843688277218487e-17, -0.5894773602485657, -0.8077847957611085]], "fy": 1111.1110311937682, "fx": 1111.1110311937682}, {"id": 4, "img_name": "r_4", "width": 800, "height": 800, "position": [-0.0017703771591186523, 0.005480855703353883, 4.031125068664552], "rotation": [[-0.9515889286994932, -0.30737346410751337, 0.000439176510553807], [-0.3073737919330597, 0.9515879154205322, -0.0013596329372376206], [2.9103830487282867e-11, -0.0014183608582243325, -0.9999990463256836]], "fy": 1111.1110311937682, "fx": 1111.1110311937682}, {"id": 5, "img_name": "r_5", "width": 800, "height": 800, "position": [-2.9576489925384513, 2.4686758518219, 1.1865712404251099], "rotation": [[-0.6407920122146605, -0.2259783744812012, 0.7337024211883545], [-0.7677144408226013, 0.18861849606037143, -0.6124030947685242], [1.490116119356327e-08, -0.955697000026703, -0.29435208439826965]], "fy": 1111.1110311937682, "fx": 1111.1110311937682}, {"id": 6, "img_name": "r_6", "width": 800, "height": 800, "position": [2.70048475265503, 1.4975597858428955, 2.5912730693817134], "rotation": [[-0.48497226834297186, 0.562161386013031, -0.6699077486991881], [0.8745296001434326, 0.31174781918525696, -0.3714988231658935], [-1.4901161176177303e-08, -0.7660208940505981, -0.6428156495094299]], "fy": 1111.1110311937682, "fx": 1111.1110311937682}, {"id": 7, "img_name": "r_7", "width": 800, "height": 800, "position": [1.3832918405532837, 3.004242420196533, 2.304567575454712], "rotation": [[-0.908336639404297, 0.23910480737686154, -0.3431524336338044], [0.4182400703430176, 0.5192894339561461, -0.7452607750892639], [7.996066598766731e-17, -0.820467710494995, -0.5716927647590637]], "fy": 1111.1110311937682, "fx": 1111.1110311937682}, {"id": 8, "img_name": "r_8", "width": 800, "height": 800, "position": [1.9178552627563477, 2.2517151832580566, 2.7389066219329834], "rotation": [[-0.7612887024879456, 0.44055718183517456, -0.4757613241672517], [0.6484130620956421, 0.5172492861747741, -0.5585817694664003], [-2.1023654103167556e-18, -0.7337318658828734, -0.6794391274452208]], "fy": 1111.1110311937682, "fx": 1111.1110311937682}, {"id": 9, "img_name": "r_9", "width": 800, "height": 800, "position": [3.309913158416749, 0.3558789491653443, 2.273284912109375], "rotation": [[-0.10690297186374663, 0.5607009530067444, -0.8210883736610413], [0.9942693710327147, 0.06028607115149497, -0.08828269690275192], [-1.1394889629411566e-17, -0.825820803642273, -0.5639325976371765]], "fy": 1111.1110311937682, "fx": 1111.1110311937682}, {"id": 10, "img_name": "r_10", "width": 800, "height": 800, "position": [-3.4915735721588135, 1.891177177429199, 0.6945241689682006], "rotation": [[-0.47626525163650507, -0.15149508416652677, 0.866152763366699], [-0.8793016076087952, 0.08205585926771164, -0.46914330124855047], [-1.2020284303889014e-17, -0.9850462675094603, -0.17229023575782773]], "fy": 1111.1110311937682, "fx": 1111.1110311937682}, {"id": 11, "img_name": "r_11", "width": 800, "height": 800, "position": [-0.617577850818634, -0.32625171542167664, 3.9701583385467525], "rotation": [[0.4671033322811127, -0.8708292245864866, 0.15320220589637754], [-0.8842027783393861, -0.4600383937358857, 0.0809330865740776], [1.208518402960617e-17, -0.17326587438583374, -0.9848750829696653]], "fy": 1111.1110311937682, "fx": 1111.1110311937682}, {"id": 12, "img_name": "r_12", "width": 800, "height": 800, "position": [-0.685625433921814, -2.5951776504516597, 3.0074856281280518], "rotation": [[0.9668280482292175, -0.19056621193885803, 0.17008273303508759], [-0.2554283142089843, -0.7213169336318969, 0.6437843441963195], [7.450580641886498e-09, -0.6658726930618286, -0.7460653781890868]], "fy": 1111.1110311937682, "fx": 1111.1110311937682}, {"id": 13, "img_name": "r_13", "width": 800, "height": 800, "position": [0.5786033868789672, 0.2596433460712433, 3.9809298515319824], "rotation": [[-0.4094095230102539, 0.9009892344474794, -0.1435338407754898], [0.9123506546020507, 0.4043112099170684, -0.06440958380699158], [-3.7252900627199236e-09, -0.15732330083847046, -0.9875472187995912]], "fy": 1111.1110311937682, "fx": 1111.1110311937682}, {"id": 14, "img_name": "r_14", "width": 800, "height": 800, "position": [2.816765785217286, 0.06540382653474809, 2.882976293563843], "rotation": [[-0.0232132188975811, 0.7149856686592102, -0.698753595352173], [0.9997305870056152, 0.016601590439677235, -0.01622469164431095], [-0.0, -0.6989418864250183, -0.7151783704757689]], "fy": 1111.1110311937682, "fx": 1111.1110311937682}, {"id": 15, "img_name": "r_15", "width": 800, "height": 800, "position": [3.339391946792602, -1.031375050544739, 2.008662939071655], "rotation": [[0.2950971722602845, 0.47609782218933094, -0.8284011483192444], [0.9554671645164491, -0.14704337716102606, 0.2558526694774629], [-7.45058061250021e-09, -0.867011547088623, -0.49828794598579407]], "fy": 1111.1110311937682, "fx": 1111.1110311937682}, {"id": 16, "img_name": "r_16", "width": 800, "height": 800, "position": [3.361073493957519, -1.0213360786437988, 1.9773868322372439], "rotation": [[0.2907449007034302, 0.46933877468109136, -0.8337796926498412], [0.9568006396293641, -0.1426189094781876, 0.2533622980117798], [2.3142036716019924e-17, -0.8714247345924377, -0.49052929878234874]], "fy": 1111.1110311937682, "fx": 1111.1110311937682}, {"id": 17, "img_name": "r_17", "width": 800, "height": 800, "position": [0.6004718542098999, -1.231074810028076, 3.7912909984588623], "rotation": [[0.8987835049629213, 0.4123098850250244, -0.14895874261856076], [0.4383926391601562, -0.8453091979026792, 0.30539211630821217], [-1.4901158537776857e-08, -0.3397837281227112, -0.9405036568641661]], "fy": 1111.1110311937682, "fx": 1111.1110311937682}, {"id": 18, "img_name": "r_18", "width": 800, "height": 800, "position": [3.0718019008636466, -0.7262973189353945, 2.507294178009033], "rotation": [[0.23009599745273587, 0.6052941679954528, -0.7620203495025636], [0.9731679558753967, -0.14311584830284121, 0.1801722049713135], [-0.0, -0.7830305695533752, -0.6219832301139832]], "fy": 1111.1110311937682, "fx": 1111.1110311937682}, {"id": 19, "img_name": "r_19", "width": 800, "height": 800, "position": [-0.6461316347122193, -0.7326142787933351, 3.910983085632325], "rotation": [[0.7499865889549254, -0.6417388319969177, 0.16028554737567902], [-0.6614531278610228, -0.727633535861969, 0.18173925578594208], [3.657746926767191e-17, -0.24232351779937744, -0.9701955914497374]], "fy": 1111.1110311937682, "fx": 1111.1110311937682}, {"id": 20, "img_name": "r_20", "width": 800, "height": 800, "position": [0.19926214218139646, -0.20334586501121518, 4.0210628509521475], "rotation": [[0.7142422795295715, 0.6981507539749147, -0.04943085461854935], [0.6998984813690186, -0.7124587893486022, 0.05044389888644217], [2.1061985433166454e-18, -0.07062601298093794, -0.9975029230117796]], "fy": 1111.1110311937682, "fx": 1111.1110311937682}, {"id": 21, "img_name": "r_21", "width": 800, "height": 800, "position": [-2.049786329269409, 1.956413149833679, 2.867197513580322], "rotation": [[-0.6904386878013611, -0.5145220756530761, 0.5084894299507141], [-0.7233909964561462, 0.49108427762985224, -0.48532640933990473], [-1.4901162863443242e-08, -0.7029246091842652, -0.7112642526626589]], "fy": 1111.1110311937682, "fx": 1111.1110311937682}, {"id": 22, "img_name": "r_22", "width": 800, "height": 800, "position": [1.1732101440429688, -0.7194232344627383, 3.7889323234558114], "rotation": [[0.5227516293525697, 0.8012664318084717, -0.29103761911392206], [0.8524850010871889, -0.49134391546249395, 0.17846693098545077], [-2.2239608412399304e-17, -0.3413989841938019, -0.9399183988571167]], "fy": 1111.1110311937682, "fx": 1111.1110311937682}, {"id": 23, "img_name": "r_23", "width": 800, "height": 800, "position": [-3.3197531700134273, 2.11091947555542, 0.8793507814407346], "rotation": [[-0.5365768074989319, -0.18407785892486572, 0.8235294222831727], [-0.8438515067100525, 0.117048904299736, -0.5236546397209167], [7.450580588204235e-09, -0.9759174585342407, -0.2181400805711746]], "fy": 1111.1110311937682, "fx": 1111.1110311937682}, {"id": 24, "img_name": "r_24", "width": 800, "height": 800, "position": [-3.88796091079712, 0.6457415223121643, 0.8466275930404663], "rotation": [[-0.16384300589561465, -0.207184299826622, 0.9644843935966492], [-0.9864864349365234, 0.03441071137785912, -0.1601887494325638], [-0.0, -0.9776965975761414, -0.2100224494934082]], "fy": 1111.1110311937682, "fx": 1111.1110311937682}, {"id": 25, "img_name": "r_25", "width": 800, "height": 800, "position": [1.7817678451538088, 3.1280710697174077, 1.813966631889343], "rotation": [[-0.8689246177673341, 0.2227199673652649, -0.44200220704078685], [0.4949446320533752, 0.39100712537765503, -0.7759789228439333], [3.714173262216794e-17, -0.8930337429046631, -0.4499897360801697]], "fy": 1111.1110311937682, "fx": 1111.1110311937682}, {"id": 26, "img_name": "r_26", "width": 800, "height": 800, "position": [-1.55285906791687, 3.4303293228149414, 1.4392601251602175], "rotation": [[-0.9110037684440612, -0.1472410708665848, 0.38521692156791687], [-0.4123978912830353, 0.32526156306266785, -0.8509599566459656], [-1.8678116391813235e-17, -0.9340903162956238, -0.35703650116920477]], "fy": 1111.1110311937682, "fx": 1111.1110311937682}, {"id": 27, "img_name": "r_27", "width": 800, "height": 800, "position": [0.38791728019714344, 1.4614114761352537, 3.736816406249999], "rotation": [[-0.9665295481681823, 0.2378245890140533, -0.09623043239116666], [0.2565557360649109, 0.895963191986084, -0.3625315725803375], [1.1981326109966226e-17, -0.3750858902931213, -0.9269900321960449]], "fy": 1111.1110311937682, "fx": 1111.1110311937682}, {"id": 28, "img_name": "r_28", "width": 800, "height": 800, "position": [3.3595085144042964, -2.110189437866211, 0.7147043943405151], "rotation": [[0.5319001674652101, 0.150135800242424, -0.8333914279937743], [0.8468070030212403, -0.0943039655685425, 0.5234735012054444], [1.156563061702995e-17, -0.9841575622558595, -0.1772963255643845]], "fy": 1111.1110311937682, "fx": 1111.1110311937682}, {"id": 29, "img_name": "r_29", "width": 800, "height": 800, "position": [-0.664892077445984, 3.692534685134888, 1.4741460084915166], "rotation": [[-0.9841723442077636, -0.06480545550584796, 0.1649394184350968], [-0.17721387743949893, 0.3599026203155518, -0.9160050749778748], [-3.725290318795447e-09, -0.9307364225387574, -0.3656906187534333]], "fy": 1111.1110311937682, "fx": 1111.1110311937682}, {"id": 30, "img_name": "r_30", "width": 800, "height": 800, "position": [-3.3587176799774165, 0.6295993328094482, 2.1383683681488037], "rotation": [[-0.18424324691295618, -0.5213827490806581, 0.8331952095031736], [-0.9828807115554808, 0.09773439913988113, -0.15618436038494113], [7.450580590872964e-09, -0.847707509994507, -0.5304638147354127]], "fy": 1111.1110311937682, "fx": 1111.1110311937682}, {"id": 31, "img_name": "r_31", "width": 800, "height": 800, "position": [-3.598320484161377, -1.377181887626648, 1.18552029132843], "rotation": [[0.3574438989162445, -0.27466213703155523, 0.8926335573196413], [-0.9339346289634706, -0.10512119531631468, 0.3416368067264557], [7.450580165323729e-09, -0.9557772874832153, -0.2940914332866668]], "fy": 1111.1110311937682, "fx": 1111.1110311937682}, {"id": 32, "img_name": "r_32", "width": 800, "height": 800, "position": [-0.545988142490387, -2.784370183944702, 2.8634212017059326], "rotation": [[0.9813115000724791, -0.1366852670907974, 0.13544297218322754], [-0.19242572784423828, -0.6970524787902832, 0.6907171607017518], [2.629043435145261e-17, -0.7038713693618773, -0.7103273272514343]], "fy": 1111.1110311937682, "fx": 1111.1110311937682}, {"id": 33, "img_name": "r_33", "width": 800, "height": 800, "position": [1.7913049459457397, -2.5100080966949463, 2.5963599681854252], "rotation": [[0.8139723539352417, 0.37414702773094183, -0.4443680346012116], [0.5809035897254944, -0.5242613554000854, 0.6226562857627869], [1.4901163035992175e-08, -0.7649601101875306, -0.6440775394439695]], "fy": 1111.1110311937682, "fx": 1111.1110311937682}, {"id": 34, "img_name": "r_34", "width": 800, "height": 800, "position": [0.14518943428993222, 0.04444393515586852, 4.028267860412598], "rotation": [[-0.29270333051681513, 0.9555247426033019, -0.03601707145571707], [0.9562032818794249, 0.2924956679344177, -0.011025184765458104], [-1.657571145353254e-18, -0.03766635805368423, -0.999290347099304]], "fy": 1111.1110311937682, "fx": 1111.1110311937682}, {"id": 35, "img_name": "r_35", "width": 800, "height": 800, "position": [-2.3418567180633545, -2.5363905429840092, 2.081449270248413], "rotation": [[0.7347207069396974, -0.3502720892429352, 0.5809431672096254], [-0.6783697605133057, -0.3793686032295227, 0.629201054573059], [2.980232233210346e-08, -0.8563811779022218, -0.5163440108299255]], "fy": 1111.1110311937682, "fx": 1111.1110311937682}, {"id": 36, "img_name": "r_36", "width": 800, "height": 800, "position": [1.2137513160705564, -3.7708530426025386, 0.7466435432434082], "rotation": [[0.9519041180610656, 0.056750528514385216, -0.30109465122222895], [0.30639618635177607, -0.17631115019321442, 0.9354335069656372], [-4.0769786917827215e-18, -0.9826971888542174, -0.18521946668624878]], "fy": 1111.1110311937682, "fx": 1111.1110311937682}, {"id": 37, "img_name": "r_37", "width": 800, "height": 800, "position": [1.1146137714385982, 1.0315107107162473, 3.7341158390045153], "rotation": [[-0.6792168021202089, 0.6798612475395202, -0.27650168538093567], [0.7339376807212831, 0.6291722655296326, -0.2558863461017608], [-1.4901158518947227e-08, -0.3767373561859131, -0.9263202548027039]], "fy": 1111.1110311937682, "fx": 1111.1110311937682}, {"id": 38, "img_name": "r_38", "width": 800, "height": 800, "position": [-2.1051921844482417, -3.3335342407226554, 0.8400681614875793], "rotation": [[0.8455115556716919, -0.11127413064241409, 0.5222338438034058], [-0.5339571237564086, -0.17620058357715607, 0.8269479870796205], [-7.450580594596154e-09, -0.978044629096985, -0.20839524269104007]], "fy": 1111.1110311937682, "fx": 1111.1110311937682}, {"id": 39, "img_name": "r_39", "width": 800, "height": 800, "position": [2.1927402019500732, 0.5742864608764648, 3.333479404449462], "rotation": [[-0.25335830450057983, 0.7999536991119385, -0.5439518690109253], [0.9673724770545961, 0.2095107287168503, -0.14246293902397159], [-2.2203173573621817e-17, -0.5622982382774352, -0.8269344568252565]], "fy": 1111.1110311937682, "fx": 1111.1110311937682}, {"id": 40, "img_name": "r_40", "width": 800, "height": 800, "position": [2.3194353580474854, -1.0625770092010494, 3.121081590652466], "rotation": [[0.4164935350418091, 0.7038961052894592, -0.5753811597824097], [0.9091386795043945, -0.32246804237365717, 0.2635929286479949], [3.9074088790234584e-17, -0.632885992527008, -0.7742451429367065]], "fy": 1111.1110311937682, "fx": 1111.1110311937682}, {"id": 41, "img_name": "r_41", "width": 800, "height": 800, "position": [-3.0491611957550058, 2.5744292736053462, 0.5700259804725647], "rotation": [[-0.6451196670532227, -0.10804574936628343, 0.7564038038253783], [-0.7640815377235413, 0.0912238210439682, -0.6386373043060303], [1.0497211355921965e-17, -0.9899516701698304, -0.14140604436397552]], "fy": 1111.1110311937682, "fx": 1111.1110311937682}, {"id": 42, "img_name": "r_42", "width": 800, "height": 800, "position": [2.565738677978515, 0.8611204028129579, 2.9875502586364755], "rotation": [[-0.31818059086799616, 0.7026041150093079, -0.6364814043045043], [0.9480302333831786, 0.2358099818229675, -0.21361768245697027], [-1.9501182568054835e-17, -0.6713725924491882, -0.7411199808120728]], "fy": 1111.1110311937682, "fx": 1111.1110311937682}, {"id": 43, "img_name": "r_43", "width": 800, "height": 800, "position": [-3.4652323722839355, 1.7079591751098635, 1.151103734970093], "rotation": [[-0.4421003460884094, -0.2561318576335906, 0.8596183657646178], [-0.8969655632972717, 0.12624339759349826, -0.42369252443313604], [1.4901160313829436e-08, -0.9583626985549926, -0.2855536937713623]], "fy": 1111.1110311937682, "fx": 1111.1110311937682}, {"id": 44, "img_name": "r_44", "width": 800, "height": 800, "position": [0.27930802106857305, -3.38509750366211, 2.170968055725098], "rotation": [[0.9966132640838624, 0.04428591951727868, -0.06928779184818269], [0.0822316259145737, -0.5367269515991211, 0.8397393226623535], [-9.98041990657156e-18, -0.8425929546356201, -0.5385509133338929]], "fy": 1111.1110311937682, "fx": 1111.1110311937682}, {"id": 45, "img_name": "r_45", "width": 800, "height": 800, "position": [1.4804580211639402, -0.2178817987442016, 3.743096590042114], "rotation": [[0.14560347795486453, 0.9186524748802185, -0.36725643277168274], [0.9893430471420287, -0.13519981503486633, 0.054049819707870476], [-6.3744321374750576e-18, -0.3712124228477478, -0.9285479784011839]], "fy": 1111.1110311937682, "fx": 1111.1110311937682}, {"id": 46, "img_name": "r_46", "width": 800, "height": 800, "position": [-3.3514196872711177, -1.998401165008545, 1.0121160745620725], "rotation": [[0.5121476650238036, -0.21564774215221405, 0.8313848972320556], [-0.8588975071907043, -0.1285875141620636, 0.49574232101440435], [-0.0, -0.9679675698280334, -0.25107508897781367]], "fy": 1111.1110311937682, "fx": 1111.1110311937682}, {"id": 47, "img_name": "r_47", "width": 800, "height": 800, "position": [0.5692142248153687, -1.1903560161590576, 3.8090744018554688], "rotation": [[0.902159810066223, 0.4076383709907532, -0.14120467007160187], [0.43140220642089844, -0.8524643182754517, 0.2952909767627716], [-1.490116296251246e-08, -0.32731565833091736, -0.9449150562286378]], "fy": 1111.1110311937682, "fx": 1111.1110311937682}, {"id": 48, "img_name": "r_48", "width": 800, "height": 800, "position": [3.1889038085937504, 0.18162649869918823, 2.4592490196228027], "rotation": [[-0.05686362087726593, 0.6090774536132812, -0.7910696864128112], [0.9983819723129272, 0.0346904806792736, -0.04505598917603493], [-0.0, -0.7923516631126405, -0.6100645661354065]], "fy": 1111.1110311937682, "fx": 1111.1110311937682}, {"id": 49, "img_name": "r_49", "width": 800, "height": 800, "position": [1.4198184013366701, 1.174722671508789, 3.5852675437927255], "rotation": [[-0.6374712586402894, 0.6852561831474303, -0.352213591337204], [0.7704740762710571, 0.5669640302658081, -0.2914128303527832], [3.803935563290531e-17, -0.4571386277675629, -0.8893954157829284]], "fy": 1111.1110311937682, "fx": 1111.1110311937682}, {"id": 50, "img_name": "r_50", "width": 800, "height": 800, "position": [-2.1668455600738525, 2.153562545776367, 2.6300091743469234], "rotation": [[-0.7049294710159302, -0.46275025606155384, 0.5375282168388366], [-0.7092774510383605, 0.45991355180740345, -0.5342330932617188], [1.9841934862978795e-16, -0.757853329181671, -0.6524249911308284]], "fy": 1111.1110311937682, "fx": 1111.1110311937682}, {"id": 51, "img_name": "r_51", "width": 800, "height": 800, "position": [2.3249530792236333, -1.8703022003173828, 2.71045422554016], "rotation": [[0.6268057227134702, 0.5239028334617616, -0.576749861240387], [0.7791755199432373, -0.4214522540569306, 0.46396487951278687], [-1.4901160348761677e-08, -0.7402053475379944, -0.6723809242248534]], "fy": 1111.1110311937682, "fx": 1111.1110311937682}, {"id": 52, "img_name": "r_52", "width": 800, "height": 800, "position": [-2.4753899574279794, 1.432865142822266, 2.8406586647033683], "rotation": [[-0.5009693503379822, -0.6098764538764951, 0.6140686869621278], [-0.8654649853706361, 0.35302343964576716, -0.3554500937461853], [1.4901161204731345e-08, -0.7095245718955993, -0.7046806812286378]], "fy": 1111.1110311937682, "fx": 1111.1110311937682}, {"id": 53, "img_name": "r_53", "width": 800, "height": 800, "position": [2.649435997009277, 1.4358221292495728, 2.6774806976318377], "rotation": [[-0.47646558284759516, 0.5839611291885376, -0.6572441458702086], [0.8791931867599488, 0.31646901369094854, -0.35618361830711365], [2.9802325956363876e-08, -0.7475537657737733, -0.6642012000083923]], "fy": 1111.1110311937682, "fx": 1111.1110311937682}, {"id": 54, "img_name": "r_54", "width": 800, "height": 800, "position": [1.8746160268783565, -1.3791682720184324, 3.2914600372314453], "rotation": [[0.592606246471405, 0.6576930284500121, -0.4650349915027618], [0.8054922223091125, -0.48386940360069264, 0.3421295285224914], [-0.0, -0.5773302316665649, -0.8165107369422913]], "fy": 1111.1110311937682, "fx": 1111.1110311937682}, {"id": 55, "img_name": "r_55", "width": 800, "height": 800, "position": [2.955981969833375, -2.6761302947998042, 0.5920279026031493], "rotation": [[0.6711436510086061, 0.10887433588504787, -0.7332889437675474], [0.7413273453712463, -0.09856687486171724, 0.6638662815093994], [-1.0176428139529489e-17, -0.9891567230224609, -0.14686405658721924]], "fy": 1111.1110311937682, "fx": 1111.1110311937682}, {"id": 56, "img_name": "r_56", "width": 800, "height": 800, "position": [-0.2812970280647278, 0.0783381164073944, 4.020539283752441], "rotation": [[-0.2682797908782959, -0.9608103036880492, 0.06978120654821394], [-0.9633409976959231, 0.26757505536079407, -0.01943329535424709], [-0.0, -0.07243730127811432, -0.9973730444908143]], "fy": 1111.1110311937682, "fx": 1111.1110311937682}, {"id": 57, "img_name": "r_57", "width": 800, "height": 800, "position": [3.967584133148194, 0.21173119544982907, 0.6807683706283569], "rotation": [[-0.05328943952918053, 0.16863788664340976, -0.984236478805542], [0.9985790848731995, 0.008999406360089779, -0.05252404510974883], [1.7073781669874098e-18, -0.9856370091438293, -0.16887784004211426]], "fy": 1111.1110311937682, "fx": 1111.1110311937682}, {"id": 58, "img_name": "r_58", "width": 800, "height": 800, "position": [-3.527487993240357, -1.8388327360153194, 0.6523201465606688], "rotation": [[0.46225070953369146, -0.1434944123029709, 0.8750621676445008], [-0.8867493271827697, -0.07480173557996748, 0.45615831017494196], [1.2143926338428217e-17, -0.9868201613426207, -0.16182072460651395]], "fy": 1111.1110311937682, "fx": 1111.1110311937682}, {"id": 59, "img_name": "r_59", "width": 800, "height": 800, "position": [-2.0437517166137695, -0.9079945683479309, 3.353897094726563], "rotation": [[0.4060116708278656, -0.7603375911712648, 0.5069923996925354], [-0.9138678908348082, -0.3378014862537383, 0.22524572908878326], [-1.4901161220738795e-08, -0.5547763109207153, -0.8319994807243349]], "fy": 1111.1110311937682, "fx": 1111.1110311937682}, {"id": 60, "img_name": "r_60", "width": 800, "height": 800, "position": [-1.3614574670791622, 2.048274993896484, 3.1939008235931396], "rotation": [[-0.8328112363815308, -0.43858850002288824, 0.33773604035377497], [-0.5535570979118347, 0.659844160079956, -0.5081144571304321], [-7.450926492634074e-17, -0.6101195216178894, -0.7923092842102052]], "fy": 1111.1110311937682, "fx": 1111.1110311937682}, {"id": 61, "img_name": "r_61", "width": 800, "height": 800, "position": [-0.37685859203338623, 2.3504409790039062, 3.2532143592834464], "rotation": [[-0.9873889684677123, -0.12776248157024386, 0.09348710626363754], [-0.1583132445812225, 0.7968459129333496, -0.5830726623535155], [-7.450580156566604e-09, -0.5905196666717529, -0.8070231676101681]], "fy": 1111.1110311937682, "fx": 1111.1110311937682}, {"id": 62, "img_name": "r_62", "width": 800, "height": 800, "position": [-0.666811227798462, 0.04809505492448808, 3.9753048419952393], "rotation": [[-0.07194005697965622, -0.9835966825485231, 0.1654155254364014], [-0.9974089264869691, 0.07094381749629976, -0.01193091552704573], [-0.0, -0.16584512591362002, -0.9861518740653991]], "fy": 1111.1110311937682, "fx": 1111.1110311937682}, {"id": 63, "img_name": "r_63", "width": 800, "height": 800, "position": [0.90558385848999, 3.497369766235351, 1.7883853912353513], "rotation": [[-0.968073546886444, 0.11120642721652983, -0.22464770078659058], [0.25066599249839777, 0.42947983741760254, -0.8675906658172607], [-1.7456332093422543e-17, -0.8962031006813049, -0.4436438083648681]], "fy": 1111.1110311937682, "fx": 1111.1110311937682}, {"id": 64, "img_name": "r_64", "width": 800, "height": 800, "position": [-0.47697827219963074, -0.03139729052782058, 4.002687454223632], "rotation": [[0.06568325310945511, -0.9908002614974974, 0.11832374334335326], [-0.9978405237197877, -0.06521982699632645, 0.0077887088991701586], [-4.656612607699944e-10, -0.11857964843511579, -0.9929445385932922]], "fy": 1111.1110311937682, "fx": 1111.1110311937682}, {"id": 65, "img_name": "r_65", "width": 800, "height": 800, "position": [-0.4763028621673583, 2.93204140663147, 2.7251181602478023], "rotation": [[-0.9870609641075135, -0.10839660465717316, 0.11815619468688962], [-0.16034559905529022, 0.6672715544700623, -0.7273499369621277], [-7.450580606073453e-09, -0.7368845939636229, -0.6760185956954956]], "fy": 1111.1110311937682, "fx": 1111.1110311937682}, {"id": 66, "img_name": "r_66", "width": 800, "height": 800, "position": [1.5476123094558714, -3.599399566650391, 0.9482713937759398], "rotation": [[0.9186812639236451, 0.09291865676641466, -0.38391536474227905], [0.39499992132186884, -0.21610797941684726, 0.8929011225700377], [-7.450581462950538e-09, -0.9719380140304565, -0.23523718118667603]], "fy": 1111.1110311937682, "fx": 1111.1110311937682}, {"id": 67, "img_name": "r_67", "width": 800, "height": 800, "position": [-2.291767120361328, -2.395276069641113, 2.293568611145019], "rotation": [[0.7225463986396791, -0.39333781599998474, 0.5685174465179444], [-0.6913224458694457, -0.41110309958457936, 0.5941948294639589], [-1.490116119057654e-08, -0.8223621249198915, -0.5689643621444702]], "fy": 1111.1110311937682, "fx": 1111.1110311937682}, {"id": 68, "img_name": "r_68", "width": 800, "height": 800, "position": [-2.4239485263824467, 1.39044713973999, 2.9053623676300036], "rotation": [[-0.4975771009922027, -0.6251769065856934, 0.6013076305389404], [-0.8674197793006896, 0.3586195707321167, -0.3449274897575378], [1.4901161119063716e-08, -0.6932141780853271, -0.7207316756248472]], "fy": 1111.1110311937682, "fx": 1111.1110311937682}, {"id": 69, "img_name": "r_69", "width": 800, "height": 800, "position": [-2.8102724552154545, 2.4873661994934086, 1.4715225696563723], "rotation": [[-0.6627765893936156, -0.27334812283515936, 0.6971427202224729], [-0.7488172650337219, 0.2419398427009583, -0.6170395612716676], [1.4901159442237973e-08, -0.9309919476509094, -0.36503979563713074]], "fy": 1111.1110311937682, "fx": 1111.1110311937682}, {"id": 70, "img_name": "r_70", "width": 800, "height": 800, "position": [-2.0845451354980464, 0.44478279352188105, 3.4215261936187735], "rotation": [[-0.20867426693439484, -0.8300905227661133, 0.5171120762825011], [-0.9779852032661439, 0.17711775004863742, -0.1103370413184166], [-0.0, -0.528752326965332, -0.8487762808799741]], "fy": 1111.1110311937682, "fx": 1111.1110311937682}, {"id": 71, "img_name": "r_71", "width": 800, "height": 800, "position": [-1.8529558181762693, 0.5188018083572388, 3.5422308444976807], "rotation": [[-0.26961743831634527, -0.84617817401886, 0.4596617221832275], [-0.9629674553871156, 0.23691807687282568, -0.12869887053966525], [7.4505801444293226e-09, -0.4773388206958771, -0.8787192702293395]], "fy": 1111.1110311937682, "fx": 1111.1110311937682}, {"id": 72, "img_name": "r_72", "width": 800, "height": 800, "position": [-1.2216848134994507, 2.62498688697815, 2.804805040359496], "rotation": [[-0.9066206216812134, -0.29358485341072077, 0.30306270718574524], [-0.42194676399230957, 0.6308143734931946, -0.651179075241089], [-1.0741668821392588e-16, -0.7182487249374389, -0.6957864761352538]], "fy": 1111.1110311937682, "fx": 1111.1110311937682}, {"id": 73, "img_name": "r_73", "width": 800, "height": 800, "position": [2.0253031253814697, 2.6252515316009526, 2.292640686035156], "rotation": [[-0.7917664051055908, 0.3473964631557464, -0.5024158358573914], [0.6108239889144897, 0.45030453801155096, -0.6512447595596315], [3.484489132575368e-18, -0.8225213289260864, -0.5687341690063475]], "fy": 1111.1110311937682, "fx": 1111.1110311937682}, {"id": 74, "img_name": "r_74", "width": 800, "height": 800, "position": [-2.4696636199951167, 1.5894558429718022, 2.7612302303314213], "rotation": [[-0.54119473695755, -0.5759952068328856, 0.6126481294631957], [-0.840897262096405, 0.37070590257644653, -0.3942954540252687], [1.4901161180638823e-08, -0.72856467962265, -0.6849769353866576]], "fy": 1111.1110311937682, "fx": 1111.1110311937682}, {"id": 75, "img_name": "r_75", "width": 800, "height": 800, "position": [-3.6809020042419434, 1.0884171724319456, 1.2313852310180666], "rotation": [[-0.2835564911365509, -0.2929312586784362, 0.913119375705719], [-0.9589554667472839, 0.08661775290966033, -0.27000308036804194], [-7.450580164315676e-09, -0.9522020220756531, -0.3054690659046173]], "fy": 1111.1110311937682, "fx": 1111.1110311937682}, {"id": 76, "img_name": "r_76", "width": 800, "height": 800, "position": [3.475943326950073, 1.28191065788269, 1.5888750553131104], "rotation": [[-0.3460142910480499, 0.36980435252189636, -0.8622754216194153], [0.9382293224334717, 0.1363819986581802, -0.31800287961959833], [2.393295129215834e-17, -0.9190455079078674, -0.3941513895988464]], "fy": 1111.1110311937682, "fx": 1111.1110311937682}, {"id": 77, "img_name": "r_77", "width": 800, "height": 800, "position": [0.23214970529079437, -0.501594305038452, 3.9930577278137207], "rotation": [[0.9075150489807128, 0.4160526394844055, -0.05758925154805184], [0.4200194180011749, -0.8989442586898804, 0.12443023175001146], [-3.725290070215644e-09, -0.13711106777191162, -0.9905557036399842]], "fy": 1111.1110311937682, "fx": 1111.1110311937682}, {"id": 78, "img_name": "r_78", "width": 800, "height": 800, "position": [0.18535895645618436, 0.8709912300109862, 3.931541204452514], "rotation": [[-0.9780964851379393, 0.20301006734371185, -0.045981898903846734], [0.20815244317054749, 0.953932821750641, -0.21606633067131042], [3.725290740071501e-09, -0.2209051251411438, -0.9752953052520751]], "fy": 1111.1110311937682, "fx": 1111.1110311937682}, {"id": 79, "img_name": "r_79", "width": 800, "height": 800, "position": [-3.667239427566528, -0.20429514348506927, 1.6612098217010498], "rotation": [[0.0556219182908535, -0.4114574491977692, 0.9097301363945007], [-0.9984519481658936, -0.02292153425514698, 0.05067938566207886], [-0.0, -0.9111407399177551, -0.41209542751312256]], "fy": 1111.1110311937682, "fx": 1111.1110311937682}, {"id": 80, "img_name": "r_80", "width": 800, "height": 800, "position": [-0.12947794795036321, -2.416810035705567, 3.2237036228179936], "rotation": [[0.9985679984092712, -0.04278182983398438, 0.03211952000856401], [-0.05349718406796456, -0.7985572814941405, 0.5995367169380189], [-1.8626451426193727e-09, -0.6003965139389038, -0.799702346324921]], "fy": 1111.1110311937682, "fx": 1111.1110311937682}, {"id": 81, "img_name": "r_81", "width": 800, "height": 800, "position": [0.22514736652374268, 2.7264487743377686, 2.9607067108154297], "rotation": [[-0.9966077208518984, 0.060445293784141554, -0.055852193385362625], [0.08229885995388031, 0.7319694757461548, -0.6763487458229065], [-5.42710134326833e-18, -0.6786509156227111, -0.7344610095024107]], "fy": 1111.1110311937682, "fx": 1111.1110311937682}, {"id": 82, "img_name": "r_82", "width": 800, "height": 800, "position": [-1.3640481233596804, 3.5799582004547124, 1.2543017864227295], "rotation": [[-0.9344656467437745, -0.11078739166259771, 0.33837869763374334], [-0.3560533225536347, 0.29076263308525097, -0.8880783319473267], [-1.5769559728717929e-18, -0.9503594636917115, -0.31115397810935974]], "fy": 1111.1110311937682, "fx": 1111.1110311937682}, {"id": 83, "img_name": "r_83", "width": 800, "height": 800, "position": [0.8835107088088993, 1.1329075098037722, 3.7664210796356206], "rotation": [[-0.7885553836822511, 0.5745816230773927, -0.2191720604896546], [0.61496376991272, 0.7367742061614991, -0.28103980422019964], [1.4901161137127002e-08, -0.35639813542366033, -0.9343341588973998]], "fy": 1111.1110311937682, "fx": 1111.1110311937682}, {"id": 84, "img_name": "r_84", "width": 800, "height": 800, "position": [3.6076622009277344, -1.1037902832031248, 1.420007348060608], "rotation": [[0.2925698161125184, 0.33684703707695013, -0.8949508070945739], [0.956244230270386, -0.10306078195571901, 0.27381667494773865], [7.450581490394157e-09, -0.935901939868927, -0.3522604703903198]], "fy": 1111.1110311937682, "fx": 1111.1110311937682}, {"id": 85, "img_name": "r_85", "width": 800, "height": 800, "position": [-3.693897724151611, 0.9463548064231875, 1.3074910640716553], "rotation": [[-0.2481788843870163, -0.31420111656188965, 0.9163432121276855], [-0.9687142968177794, 0.08049647510051729, -0.23476172983646396], [-7.45058061263199e-09, -0.9459376931190491, -0.3243485987186432]], "fy": 1111.1110311937682, "fx": 1111.1110311937682}, {"id": 86, "img_name": "r_86", "width": 800, "height": 800, "position": [1.0699141025543213, -1.1641080379486084, 3.7081177234649663], "rotation": [[0.7362666130065918, 0.6224687695503234, -0.2654130160808563], [0.6766915321350095, -0.6772701740264889, 0.2887796461582184], [-1.3219810554970592e-16, -0.3922215402126312, -0.9198707938194276]], "fy": 1111.1110311937682, "fx": 1111.1110311937682}, {"id": 87, "img_name": "r_87", "width": 800, "height": 800, "position": [-0.21518170833587652, -0.13203531503677368, 4.023215293884277], "rotation": [[0.5229932069778441, -0.8506636023521423, 0.05338001251220704], [-0.852336883544922, -0.5219663977622985, 0.03275392949581147], [-1.862645155563029e-09, -0.06262843310832977, -0.9980369210243225]], "fy": 1111.1110311937682, "fx": 1111.1110311937682}, {"id": 88, "img_name": "r_88", "width": 800, "height": 800, "position": [2.9595556259155273, -2.3236498832702637, 1.4462648630142214], "rotation": [[0.6175395846366882, 0.2821901142597199, -0.7341753244400023], [0.7865397334098816, -0.22155725955963135, 0.5764265060424805], [2.0377459226630362e-17, -0.9334243535995483, -0.35877412557601934]], "fy": 1111.1110311937682, "fx": 1111.1110311937682}, {"id": 89, "img_name": "r_89", "width": 800, "height": 800, "position": [3.401417255401612, 1.9392560720443726, 0.958981990814209], "rotation": [[-0.49528947472572327, 0.2066653221845626, -0.8437877297401428], [0.8687281012535094, 0.1178264692425728, -0.48107022047042847], [1.1709908637880939e-17, -0.9712910652160646, -0.23789414763450623]], "fy": 1111.1110311937682, "fx": 1111.1110311937682}, {"id": 90, "img_name": "r_90", "width": 800, "height": 800, "position": [-3.7510735988616943, -1.1946455240249634, 0.8673349618911743], "rotation": [[0.3034624457359314, -0.20501315593719482, 0.9305267930030824], [-0.952843427658081, -0.06529278308153154, 0.2963550686836243], [-3.7252902942446954e-09, -0.9765789508819581, -0.2151593267917633]], "fy": 1111.1110311937682, "fx": 1111.1110311937682}, {"id": 91, "img_name": "r_91", "width": 800, "height": 800, "position": [-1.6828707456588745, 1.5668109655380251, 3.311049699783324], "rotation": [[-0.6814185976982117, -0.6011558771133423, 0.41746884584426874], [-0.7318939566612245, 0.559696912765503, -0.38867795467376715], [1.490116292711091e-08, -0.5703952908515928, -0.8213703036308287]], "fy": 1111.1110311937682, "fx": 1111.1110311937682}, {"id": 92, "img_name": "r_92", "width": 800, "height": 800, "position": [3.54951548576355, 1.7098724842071533, 0.8528050184249877], "rotation": [[-0.4339900314807892, 0.19059352576732635, -0.8805264234542846], [0.9009176492691039, 0.09181270748376845, -0.4241671562194824], [-0.0, -0.977366030216217, -0.2115548849105835]], "fy": 1111.1110311937682, "fx": 1111.1110311937682}, {"id": 93, "img_name": "r_93", "width": 800, "height": 800, "position": [3.9584801197052, -0.11350302398204805, 0.7533612251281737], "rotation": [[0.028661606833338734, 0.1868091374635696, -0.9819780588150023], [0.999589204788208, -0.005356450565159321, 0.02815663442015648], [-4.656612875550736e-10, -0.9823815822601317, -0.1868859231472015]], "fy": 1111.1110311937682, "fx": 1111.1110311937682}, {"id": 94, "img_name": "r_94", "width": 800, "height": 800, "position": [1.5928974151611326, 3.1396636962890634, 1.9634636640548704], "rotation": [[-0.8917912840843201, 0.2203759104013443, -0.3951492011547088], [0.4524472057819366, 0.4343695640563965, -0.7788546681404114], [-2.9802325928276416e-08, -0.8733599185943605, -0.4870753884315491]], "fy": 1111.1110311937682, "fx": 1111.1110311937682}, {"id": 95, "img_name": "r_95", "width": 800, "height": 800, "position": [1.8044942617416382, -2.8807499408721924, 2.1668131351470947], "rotation": [[0.8474655747413635, 0.28534269332885753, -0.44763991236686707], [0.5308502316474916, -0.45552986860275285, 0.7146260738372802], [-1.490116123685911e-08, -0.8432508111000061, -0.537520170211792]], "fy": 1111.1110311937682, "fx": 1111.1110311937682}, {"id": 96, "img_name": "r_96", "width": 800, "height": 800, "position": [-2.5126078128814684, -2.2001814842224117, 2.2574329376220703], "rotation": [[0.6587842702865601, -0.4213060140609743, 0.6233012676239011], [-0.7523318529129028, -0.36891937255859375, 0.545797824859619], [2.4592635080695906e-17, -0.8284924626350403, -0.5600001811981201]], "fy": 1111.1110311937682, "fx": 1111.1110311937682}, {"id": 97, "img_name": "r_97", "width": 800, "height": 800, "position": [1.5047223567962646, 0.8616741895675659, 3.6391384601593018], "rotation": [[-0.4969355165958405, 0.7834030389785767, -0.37327566742897034], [0.8677873611450195, 0.4486131072044373, -0.2137550562620163], [2.1743800296712218e-17, -0.4301463961601258, -0.9027591347694396]], "fy": 1111.1110311937682, "fx": 1111.1110311937682}, {"id": 98, "img_name": "r_98", "width": 800, "height": 800, "position": [1.1356408596038816, -0.5552194118499756, 3.827799797058105], "rotation": [[0.4392211437225342, 0.8530649542808533, -0.2817178070545196], [0.8983790278434755, -0.417066901922226, 0.13773298263549807], [7.4505815167251e-09, -0.3135844469070434, -0.9495602250099183]], "fy": 1111.1110311937682, "fx": 1111.1110311937682}, {"id": 99, "img_name": "r_99", "width": 800, "height": 800, "position": [-3.708491325378419, -1.3928856849670408, 0.7462978959083558], "rotation": [[0.3516106009483338, -0.17331226170063022, 0.9199635386466981], [-0.9361463785171509, -0.06509497761726381, 0.3455324172973632], [-0.0, -0.9827133417129517, -0.1851337254047394]], "fy": 1111.1110311937682, "fx": 1111.1110311937682}, {"id": 100, "img_name": "r_0", "width": 800, "height": 800, "position": [-0.0, 2.737260103225708, 2.9592916965484624], "rotation": [[-1.0, -0.0, -0.0], [0.0, 0.7341099977493286, -0.6790306568145752], [-0.0, -0.6790306568145752, -0.7341099381446838]], "fy": 1111.1110311937682, "fx": 1111.1110311937682}, {"id": 101, "img_name": "r_1", "width": 800, "height": 800, "position": [-0.1718739867210388, 2.731858730316162, 2.95